60
-6 -1 -12 -21 -4 25 -11 15 -15 -3 -10 23 -11 3 -11 5 15 -4 1 -17 -16 24 4 -22 -20 -5 -4 12 -21 24 -22 -2 -2 -9 -23 -7 -10 16 -18 -25 -13 22 -3 1 25 11 -20 14 7 -19 -4 -10 4 -1 -7 9 19 -12 21 -3 12
24 -5 -16 -11 -3 -24 -21 -13 8 4 24 5 -25 24 -22 -14 4 -9 18 -16 12 7 13 -15 -1 21 4 13 16 -25 24 14 20 -18 3 16 8 -19 2 -10 10 0 20 -16 -1 -3 -5 2 13 12 11 -1 18 -2 -16 -8 -7 -13 4 -16 12
2 -3 7 -17 -1 -3 16 5 25 -20 -11 24 0 24 22 22 18 -2 10 5 -17 8 22 6 -9 -12 -1 -23 -9 -18 15 18 4 21 0 -22 -8 -10 8 16 21 -3 15 -5 -5 11 16 -13 -16 25 -9 -8 8 13 -2 -2 -25 22 1 17 -22
-10 9 -19 10 9 -16 -24 24 -8 -8 -7 -12 6 13 -18 -9 -22 19 25 -23 -15 17 10 23 14 8 -3 -16 -17 -12 -13 23 -3 18 7 -20 2 -18 3 -7 24 -4 6 4 -17 13 -5 11 6 -6 14 -10 10 23 12 -2 5 9 7 -13 -4
-7 9 18 -14 15 -3 -13 23 0 5 -5 21 -15 25 3 -3 19 -11 2 -13 2 18 -3 -1 -22 -6 -21 12 1 16 -17 19 0 0 4 -11 -3 16 11 22 20 -19 -9 -21 5 -7 -25 -2 -19 3 -16 8 -5 -20 -18 -2 0 11 10 -25 1
18 19 0 -8 23 15 -12 -13 25 9 -18 -20 25 11 -16 18 12 -19 24 -11 -9 7 -17 -4 14 -20 21 -1 15 -5 -1 -19 14 25 24 11 -12 -14 -3 -13 21 4 18 -6 15 -24 -14 1 -17 -15 -11 24 17 22 -6 -21 1 15 -23 -9 9
1 22 -3 25 20 -18 -13 -19 -21 0 1 8 17 20 -3 18 -19 -3 0 -9 -15 -2 7 -19 -8 11 8 6 13 -2 -11 13 -6 12 13 14 -7 -1 -6 -3 -2 20 5 -11 14 1 -18 20 24 -19 10 -17 -21 -9 15 21 1 22 1 -12 -6
-11 1 -13 0 -12 0 19 12 19 15 10 13 19 24 -24 -5 5 -5 18 12 -20 0 16 21 -11 11 -3 -15 11 -16 -22 -1 10 -9 25 23 16 -8 -16 -16 -19 19 22 0 -9 23 20 22 18 -14 8 23 11 23 -8 -25 -18 14 10 -8 24
14 16 -18 4 15 -20 -6 -19 14 -23 13 -19 25 -13 -3 -4 6 -7 -12 17 0 10 2 22 -23 -24 -22 16 12 -5 -12 0 -14 -4 -22 0 -25 22 7 -12 25 -6 19 -2 -20 15 -7 11 8 -19 -24 -18 16 3 -21 18 -21 7 -17 16 2
21 15 13 16 -8 -13 -10 13 -7 3 -14 -14 21 -17 -9 11 2 1 -7 8 2 25 23 5 3 16 9 10 -2 24 -14 18 13 24 9 4 10 -2 -9 3 -24 3 14 -4 11 5 -19 12 5 24 19 7 24 17 -14 -25 -19 -6 10 4 17
21 21 -22 -7 -22 7 3 2 -3 -20 -23 -1 -7 -2 10 -3 5 -4 -23 -23 -10 9 0 -19 -6 1 -13 -13 10 -10 -22 6 10 -19 -2 14 13 0 -10 9 -21 -8 -17 -2 -11 18 20 19 13 -4 -4 -23 4 21 8 23 -4 -6 -16 6 -17
12 11 19 18 -17 7 -21 9 -4 14 13 -13 -4 10 1 -12 -21 20 -25 25 -10 3 4 -15 10 -25 -19 -21 10 12 -13 -4 -3 5 14 -21 11 18 -13 -19 -20 0 18 1 -16 -6 -12 13 13 14 13 2 -9 16 -14 0 16 -8 4 0 3
-9 22 -1 21 10 4 7 -24 -10 -13 7 15 -20 7 -1 24 21 -14 -15 -17 -2 12 24 -12 23 -2 -21 15 -23 -22 -8 18 25 -9 -13 -17 20 -7 10 9 6 -9 -1 -15 23 23 8 -8 8 18 0 6 4 -2 19 -25 22 -3 15 -2 1
7 -10 0 23 2 -17 -9 21 18 25 -25 8 -2 10 5 20 -8 -3 -23 -16 22 8 -13 -5 1 -13 16 24 2 -12 24 -17 -23 23 -20 -22 -20 21 24 -3 20 -2 -21 18 -18 -16 -14 -1 6 -12 -18 2 21 19 -4 22 -19 11 -6 8 -2
-8 -10 0 -11 -5 -22 20 -10 1 16 9 25 21 1 6 4 13 5 -16 0 12 -15 -4 6 -19 17 -14 17 10 -7 15 1 8 14 -11 2 17 -17 17 -7 -1 25 -8 19 1 23 -3 13 2 -20 -13 14 -10 -18 19 21 -2 4 -13 -18 22
-24 8 -22 15 23 5 -19 5 21 -1 -22 20 -10 22 20 -13 18 7 -11 23 20 2 13 1 20 8 25 -2 -6 -19 -6 -5 -11 -3 10 -14 1 16 -10 -4 -11 -6 -10 4 15 -15 -10 8 -9 -22 5 10 -21 -8 -14 24 0 -15 -4 19 16
-11 14 -21 -15 -2 15 11 13 -20 6 1 24 22 4 13 6 -7 20 22 -3 25 7 -25 16 -8 25 -10 2 20 9 -8 9 -3 22 -7 -6 11 -21 6 -10 10 -19 -12 -20 10 1 -15 2 20 7 -2 19 13 -1 10 -21 23 -1 6 -9 -18
-3 25 -22 -7 -7 22 4 22 2 19 -20 -18 -18 -14 -9 -18 21 19 -24 2 -9 21 -11 15 -21 -7 -14 3 -2 3 -15 -5 -24 -12 13 19 -15 16 15 -14 10 -5 -6 -9 -20 10 -2 -25 3 -1 3 -6 19 -9 -17 23 -16 20 -25 7 -3
-15 -24 23 23 -11 17 7 -21 -20 19 14 0 12 -21 5 -4 -24 6 -1 -25 8 18 19 -2 0 -9 7 -6 -9 -11 -10 -25 15 13 23 3 4 -21 8 9 23 21 9 9 0 -12 4 1 -7 2 1 0 -6 20 24 -6 10 5 13 -25 -7
3 0 -17 -10 22 -15 -7 -25 18 1 23 -12 -16 -20 13 23 -16 13 -10 11 14 16 5 8 -12 24 -8 18 -15 17 -14 13 -9 19 2 -13 -22 20 13 -4 -4 10 9 5 -10 21 2 -1 8 -8 9 -4 7 -12 3 20 -14 -6 12 -3 10
-3 9 -25 15 11 13 -7 5 0 -12 0 9 -4 -20 -2 -9 -19 -4 -2 23 -20 -6 4 18 -4 -2 4 16 10 0 0 6 -17 -25 21 19 -13 -12 24 -14 -25 -2 -6 -4 -23 18 12 9 -12 9 6 18 -23 -15 11 -1 -18 -11 14 -9 14
-12 23 -4 13 18 15 25 5 13 -15 5 10 -21 0 13 22 11 -4 9 -6 1 2 22 -15 12 -5 -7 -25 8 -17 -12 21 5 -17 -17 22 23 -18 1 -16 18 5 20 22 -21 7 -8 -11 2 -25 9 -23 -24 5 -12 13 -1 -20 -13 6 13
0 1 -7 -17 -17 -11 -20 -9 -10 -10 8 20 9 -22 -1 15 -5 13 -9 20 21 18 22 25 5 9 23 -16 22 3 23 21 4 -10 -22 12 4 9 2 -7 -2 -16 -12 -19 12 -14 21 6 -2 11 1 -6 3 22 -7 8 -21 16 17 0 -7
14 -4 22 3 24 9 7 -19 10 25 -22 -6 -13 -16 -20 23 4 -14 -4 14 12 -11 17 -18 -19 -1 -14 22 -10 12 -10 4 7 11 -19 -21 19 13 -14 4 13 -11 -3 -1 24 2 22 -24 13 -8 16 24 -20 -19 5 -14 5 17 -17 -6 -23
23 -3 9 -18 -22 13 -24 16 -2 -21 -23 -13 1 -24 10 2 23 -15 15 14 0 -13 19 6 18 -21 10 -17 12 4 -15 -17 -25 19 -9 -22 -20 17 -6 4 21 -4 -10 21 22 -1 -3 19 9 11 -19 -16 24 25 15 -10 4 0 -2 -10 -22
8 24 3 1 -11 7 -20 5 -25 -17 25 21 -2 20 18 22 16 -15 6 2 -8 -11 25 16 -22 -11 -6 -23 12 -16 -20 -6 -18 -17 -6 21 15 24 25 -11 -18 24 -16 -21 -8 1 1 -18 -14 6 -17 3 20 -18 18 23 21 -13 -25 7 21
5 0 2 13 -7 -3 -24 17 -4 -10 24 19 25 2 -15 25 -23 -8 -15 8 -25 -13 -24 7 -20 25 3 17 -1 9 12 3 9 -12 16 1 -16 17 -8 5 7 15 -2 -20 -8 -18 -21 -6 -1 -10 2 24 2 3 6 -19 -24 8 23 25 -9
9 -23 -1 22 18 -25 -20 -17 17 -16 15 7 -19 20 24 -12 -1 17 -13 14 -7 -15 15 -4 -10 22 22 23 -7 22 14 -23 24 -13 -2 -10 12 -22 -2 4 12 13 -15 -7 -19 8 6 -21 -1 -8 18 -8 -23 -18 -13 -8 3 -17 15 21 -21
3 -3 2 15 21 -9 2 -2 15 5 -16 -24 -11 2 7 22 8 12 20 25 -22 11 1 10 23 19 -13 6 8 8 -16 10 -21 12 -1 -1 -23 0 22 -9 4 6 17 18 7 24 -12 -11 -16 8 14 -13 -7 -11 -3 16 7 9 -4 14 16
5 -2 21 16 -3 19 -7 -4 -10 9 -25 -5 -25 -8 -24 24 6 -9 -18 -12 4 19 -20 -8 -10 -5 25 -1 -10 -13 -11 -5 -15 9 -15 7 -23 -23 -23 -8 -14 2 12 -14 20 -13 9 0 3 -10 -13 6 -17 17 24 24 12 23 22 -24 9
-15 -4 19 -6 -19 0 -4 -17 -23 -13 -6 4 -2 -21 -2 10 13 -3 13 -23 9 -7 11 -25 -9 -17 12 -12 -21 13 23 14 9 -10 7 -11 16 -23 -3 -8 14 -9 21 -14 -5 19 22 -17 -10 9 10 -1 -24 20 24 -7 -23 10 -20 6 22
2 20 5 18 1 -7 -18 -22 16 -1 17 6 19 3 -25 12 -1 8 2 7 -7 -25 -18 -13 24 25 15 -18 5 -5 -22 6 -11 -17 23 -10 1 -21 -7 16 -23 9 -4 22 -14 22 8 -16 4 -16 -10 -4 9 -2 9 -19 22 23 -12 1 17
17 7 6 25 4 21 25 -17 -12 16 -15 22 11 -19 8 7 -11 17 -14 23 -18 7 7 -21 15 13 -25 -14 1 -24 -22 -8 8 9 16 11 4 15 19 -9 -21 -21 12 16 10 -6 22 24 -14 7 -4 18 14 -23 22 3 -11 -4 15 -11 22
-8 6 -22 -25 -4 15 4 11 -18 20 15 -14 -20 -21 -4 0 -24 19 -15 -18 -11 -23 21 16 -2 24 5 -7 13 19 -10 -21 0 18 4 -5 7 -18 -20 15 1 -5 0 6 -1 -5 5 25 -11 15 7 3 -9 2 19 14 0 -2 7 12 -9
-4 16 -10 -12 19 -15 -5 -25 15 9 -25 -16 8 -19 -17 -22 -15 -18 -8 -25 14 -6 -9 16 -13 5 -10 -16 -14 -23 -25 7 -8 15 -6 -14 25 14 11 15 -3 -14 24 -20 -8 6 -17 -24 14 25 -24 -24 18 18 -9 5 22 7 14 -18 -17
-12 -12 0 -22 -19 11 2 21 22 -9 17 -18 15 22 24 -5 4 25 8 -23 1 -16 21 -7 0 0 -11 6 13 21 14 -24 8 -11 -21 14 -1 6 -17 -5 -3 -25 -24 11 -4 25 5 -25 -1 -12 2 25 22 -3 17 -4 22 5 2 10 25
-10 -15 7 4 14 20 3 -6 -22 -3 -10 3 -1 0 24 23 -20 -2 21 -7 -25 20 14 -3 -15 9 19 15 -15 -23 -12 1 -13 20 4 -25 -11 -19 19 17 4 9 -6 2 -17 17 24 -12 -10 20 -20 -10 -12 19 -14 -1 3 -21 13 13 6
-24 13 18 -5 -8 -8 -17 -2 -14 25 1 20 18 2 -23 10 1 16 -1 20 21 14 -18 15 -1 -20 17 -22 19 4 9 -6 -8 2 14 -17 19 -3 -20 4 21 -19 23 14 8 0 23 8 -10 -4 2 -15 9 10 -1 -18 15 -10 -15 -18 -6
-6 1 -15 21 15 -7 -12 11 -2 -8 6 4 -11 -6 12 14 16 -6 3 11 22 14 -6 -20 -13 -24 -6 -23 11 2 -4 -21 2 6 -1 -9 24 -13 1 21 4 -18 0 -8 -25 11 6 17 -21 -17 2 0 22 -4 5 9 22 25 11 -19 -25
6 -14 2 -14 -16 -7 -16 -4 19 4 -1 -25 3 17 -24 -12 -3 -8 18 5 -7 -8 -24 14 -3 -16 -16 21 -6 -9 21 25 -24 22 10 -15 -11 19 -19 8 22 5 8 0 21 -17 13 -8 0 5 -3 19 -3 23 -19 19 6 -9 14 25 -19
9 -2 -18 5 -18 -8 -6 0 23 -24 -4 3 -17 21 23 -8 -17 -10 -9 13 -14 9 -16 -17 -10 2 14 -20 -10 -13 -14 -2 -16 -7 3 -9 -16 22 -10 -18 -3 11 -16 5 -19 -19 -4 -11 21 -13 1 -19 21 11 14 10 -13 -24 15 -23 -12
-25 0 -3 -7 -23 -13 3 -2 2 -16 20 -12 -7 25 19 -1 -5 -18 -5 7 8 -25 -23 18 15 12 5 16 2 7 -21 2 6 -25 21 9 13 23 6 -11 -19 1 -24 24 25 20 -3 -6 -24 -9 -24 -16 -8 -22 -24 -19 15 6 -4 16 -13
25 -7 19 -25 13 -24 13 -16 7 1 -10 7 3 13 6 -3 9 0 24 -25 1 -18 17 -22 -17 -3 -8 15 18 -17 1 18 1 19 -8 13 20 4 22 -24 -21 11 -18 7 -2 -12 4 -19 13 2 -19 13 9 -3 16 -9 19 -18 5 12 15
-19 -22 -10 25 -5 -23 -6 24 -2 -5 -23 -17 -24 -16 6 -11 13 13 -24 14 -7 14 22 16 4 -13 9 -14 18 20 -25 -2 -3 16 22 -9 -8 -10 -11 16 -16 17 -2 -14 0 -21 0 12 17 -24 0 9 15 -4 -1 19 -18 8 -21 -1 -24
4 22 -1 19 -7 15 11 8 4 -25 -8 20 -2 -23 -6 2 2 -20 18 -23 -21 2 18 0 0 11 -19 7 -11 6 9 -8 -24 7 11 -6 21 -4 2 24 -4 -7 18 19 -5 11 21 -4 -10 -13 -1 -6 -12 -9 -7 14 1 0 20 -11 5
3 6 6 9 -9 0 -21 -14 -24 -23 -19 -6 -5 0 14 -20 -5 -16 21 -19 -18 -11 -5 -2 -18 8 -2 -19 2 12 11 5 18 16 13 8 -10 17 20 -9 20 -25 -16 -11 0 23 19 -6 7 14 1 14 3 21 12 10 -23 -16 -10 4 -4
-25 8 -12 16 -4 21 -19 -13 15 22 -19 -10 -19 20 15 3 -12 9 9 -24 -16 23 -22 4 9 13 6 -8 2 9 13 2 -8 0 18 13 -4 -2 25 10 19 6 25 25 25 -11 -23 -13 23 -15 14 -19 -18 17 10 -10 -21 15 -18 6 -2
20 8 15 20 0 -24 -10 -3 -24 25 -10 -19 -1 15 -20 13 17 18 10 -24 6 16 9 22 25 24 -25 14 -20 -19 11 0 14 -25 -6 13 -24 -17 -16 2 7 24 8 -20 13 -12 18 -22 -20 2 5 11 -8 -12 -19 -9 -14 7 4 17 13
15 -9 -25 15 -16 13 16 -8 -4 -7 24 -6 0 -21 -18 13 22 -15 18 -1 15 -23 -10 2 -16 -19 14 16 -16 -21 3 24 20 -23 13 -22 -11 -22 20 10 -4 -8 3 21 21 -16 9 -8 -5 -25 16 9 -22 5 11 -13 11 24 2 -5 -23
4 -7 22 6 6 -1 20 9 -7 -22 4 10 6 24 -20 16 -19 -3 10 -18 12 18 10 -9 3 22 2 1 23 22 3 1 14 24 -19 -6 -3 -25 2 15 -22 -20 25 -17 -21 -21 24 10 -25 8 17 12 1 1 -23 -22 22 -22 -21 19 25
7 -6 -12 6 25 7 2 -1 -16 17 -24 14 16 -15 -8 -6 -17 -23 19 -9 -7 5 17 -6 -19 -6 15 -15 -2 9 9 5 2 22 10 -24 -22 -14 0 12 -23 2 0 -8 12 -8 -15 -6 19 -22 10 -14 8 -25 -21 15 -5 20 -1 -8 3
-18 22 4 4 6 5 -19 -8 -20 18 -6 -19 17 -14 -8 8 -4 11 1 0 21 13 7 21 17 -4 15 11 -6 -18 13 -24 3 17 5 9 -4 -15 -25 -25 -23 19 -19 -7 -21 -2 -24 -25 9 2 0 4 14 -19 24 -20 -23 14 -10 21 21
-22 22 23 20 -25 6 15 -15 6 16 12 25 -4 -20 3 -6 6 3 -23 -18 2 -20 -4 9 -22 1 -15 -9 16 -20 -14 -7 2 -16 12 2 -11 -24 13 21 17 -1 -6 12 -22 22 -20 9 0 7 -9 -24 12 12 -16 -10 12 19 6 -24 -1
-8 -5 -25 -25 6 2 -11 7 -11 9 23 -12 -23 -16 -9 25 -11 0 24 22 16 -1 -18 -24 9 -3 13 -24 -22 14 0 20 8 0 20 14 -23 -17 -5 16 18 18 3 -6 -24 -6 18 15 19 16 11 -17 -10 -7 -16 -2 15 -4 -1 -8 9
25 -14 -8 24 5 -20 -25 14 25 -9 -20 -9 19 24 -8 12 17 7 5 -19 17 -13 21 -16 21 -7 -1 -9 -8 -10 -25 -9 2 17 -11 6 22 15 19 -5 5 24 12 23 -3 3 10 -12 -16 14 -6 -24 -24 15 -15 22 -18 -17 -12 -1 -1
13 -11 0 4 -22 -20 0 -8 25 -6 22 -3 -20 19 19 -17 3 6 -8 -8 0 -7 -7 -11 -22 14 21 -14 1 -5 -16 -12 -17 9 17 -14 15 16 3 -12 -15 24 10 15 18 -22 23 -5 9 -10 -14 8 -18 -22 22 10 18 18 -4 -7 12
5 7 20 -11 23 6 3 14 8 16 -2 7 0 -13 -1 -23 -15 -7 -14 25 -21 19 6 -18 -10 16 -1 -18 -14 -8 -7 -10 -2 12 4 -5 -8 6 -17 -25 -4 -20 -19 -4 -7 -21 -2 -23 22 9 -24 -25 -23 -19 8 -8 22 -19 24 -18 -2
-9 -2 21 2 1 16 20 -18 -2 -6 -23 4 0 -2 22 4 -4 24 0 4 -1 -25 6 5 8 -3 -24 -12 -5 -17 12 -15 -20 -19 13 -19 -4 -19 -12 20 0 -10 -2 -1 -12 19 2 9 -9 -24 -13 -11 1 -7 19 -17 15 -6 -3 10 3
8 -6 -18 -12 6 -12 10 12 -25 -22 11 -9 -25 -16 -22 19 11 12 9 -13 -2 23 -13 -10 -10 -4 5 10 -8 -11 -13 -1 -18 19 12 14 -18 21 25 -18 -2 11 23 -2 -6 -25 -9 5 -14 25 -9 -16 -4 3 -1 12 24 -22 -4 15 17
-18 -12 25 -25 0 -13 7 20 -14 15 -7 -4 -14 16 16 12 7 -5 -3 -20 11 6 2 -12 5 -12 12 8 9 1 25 16 15 -2 -10 14 10 23 8 21 -14 -25 -8 -3 -9 7 -17 23 -24 -20 -23 -14 11 4 -1 -10 17 -15 -2 25 -14
