100
6 -21 -16 16 12 3 1 -6 6 -3 5 -24 11 -7 23 19 -11 -23 -20 14 6 -12 21 10 3 -6 -1 -19 21 -7 13 -25 22 -4 16 9 25 16 2 5 12 -19 -19 22 24 -22 16 -13 5 21 0 11 8 -4 20 11 15 -6 17 -16 -14 -22 -16 -18 0 -1 -10 -1 14 -9 3 1 22 9 -3 21 -14 -13 -18 -9 7 8 -24 15 3 21 0 17 14 16 -24 25 19 10 -18 -7 -16 22 -9 -3 -12
20 23 9 3 20 4 -11 6 -14 5 -12 -7 6 -23 21 1 -24 12 -10 17 -13 14 -16 23 -5 -23 6 -8 18 -23 -21 12 -25 -13 15 20 17 3 0 2 -18 -13 -6 13 14 14 13 -11 0 2 5 -13 16 15 -16 -15 17 15 -24 9 17 -20 21 -9 -7 -16 10 9 12 10 10 19 22 -22 -20 -15 17 -8 -1 16 -6 -21 2 -16 -7 11 -6 9 25 -4 17 -9 -25 -14 7 18 -5 -8 -25 6 -24
-16 -1 -3 -13 -22 -19 3 21 -20 19 -11 9 -5 23 1 6 -9 -16 5 -14 -25 21 12 -13 -23 -22 -19 19 -21 13 20 13 11 16 -25 -11 -3 -23 -16 -24 21 -2 10 16 -5 -15 -4 -15 19 0 22 19 -4 8 5 23 -15 -14 16 14 24 -16 2 -17 25 -24 -3 21 -22 6 22 -1 3 -20 -11 -3 15 -16 -18 8 9 -22 -24 4 -15 -20 1 -5 -9 -9 9 14 0 -15 23 25 -14 -6 20 -11 0
-9 -13 2 -4 -25 25 -14 -16 6 -7 -7 -17 -6 22 -7 0 -2 -13 16 14 21 5 14 5 -24 13 16 -5 -19 5 -6 22 -9 22 18 -8 -5 3 -25 -25 21 -7 -17 15 -10 -25 -11 13 12 4 -25 8 8 -12 12 9 0 3 4 7 7 23 -23 23 -7 20 -11 -13 22 -10 -13 18 8 20 7 -3 20 -5 -16 7 -2 10 14 -19 23 25 -11 -2 2 18 4 -17 -10 -20 6 -18 -25 20 -5 -4 9
-19 -12 17 -24 -6 -12 -5 -12 23 1 12 7 14 -8 -22 14 6 1 15 24 4 -2 13 10 -22 20 -16 -3 14 5 -19 21 -7 23 22 -14 10 16 0 7 -8 11 -12 -20 -23 -8 -7 8 -8 -17 -20 -4 6 18 5 9 -13 14 -20 -25 18 11 21 10 -18 -9 22 18 -18 21 -1 -1 6 -13 -22 -18 -22 -3 -11 -5 -21 -5 -10 10 -13 20 18 -1 -18 -3 25 -25 -17 20 -16 15 -14 -20 7 -7 0
6 -9 -20 18 -6 -13 21 -10 2 15 -6 -4 -20 3 -18 25 -5 7 -18 18 6 7 0 25 16 14 -15 -4 21 -23 21 1 -7 1 18 13 13 -13 2 14 -24 22 9 6 -1 17 6 -6 -2 -13 11 3 -7 10 -24 -17 -2 -13 -22 -7 -11 25 -7 -18 0 -15 -6 12 -3 21 -25 24 -9 9 4 16 0 9 9 -3 21 -6 -1 13 -22 1 22 -25 -13 -1 -6 -25 -2 -14 -18 -3 -3 1 -16 -7 -3
9 -9 13 -8 -5 -23 18 -22 11 14 -1 4 -12 -14 -19 -12 7 -18 0 -19 -25 0 4 -14 8 -24 -18 8 10 1 -21 -7 -9 -8 -16 11 19 1 15 -21 -10 -12 8 -23 -1 15 -10 -19 -4 -11 12 -4 14 -10 -19 21 16 -11 -22 25 15 -18 17 -20 24 -24 -9 18 -24 -20 22 -9 -7 -22 18 -9 -8 7 22 13 21 8 8 -16 -2 15 4 13 -22 7 13 -8 -11 -22 22 12 -21 -13 4 6 17
25 -4 9 -22 -11 -25 -5 21 -4 -17 17 4 -10 0 -24 -21 -22 14 7 -15 -25 -2 -1 -21 20 -15 8 -19 -11 -12 24 -12 10 7 -9 -2 -19 12 -7 -23 -6 9 6 -17 8 7 13 12 20 -6 -4 -5 -8 20 24 -14 4 -20 17 -8 -6 -11 6 3 -4 -4 0 2 7 -8 4 -25 1 9 9 -17 15 -4 -6 10 -11 15 4 6 -17 2 -9 -13 7 -17 4 0 -3 -16 2 -8 6 -24 20 -13 19
23 13 -6 -19 -4 -24 21 17 -4 -21 -20 10 8 -14 19 9 2 -20 16 -16 -17 -10 -19 -7 -8 -2 -2 18 -8 -16 11 15 22 4 21 17 6 -10 -18 -24 -5 13 11 -23 24 -22 -14 25 8 -24 -16 17 -9 -10 9 -18 13 -19 -25 5 -10 -15 19 12 15 -12 3 -5 3 -15 -4 23 23 6 0 21 10 11 20 17 12 3 8 2 18 -9 10 -20 -3 -16 10 -13 -6 3 -2 -17 -10 -25 -23 18 10
23 16 7 4 15 -24 13 0 22 -22 11 24 12 -13 17 -23 -4 22 25 5 -20 11 -1 -18 -17 -19 -3 8 -16 -11 -7 6 4 25 9 18 -24 21 -8 -3 25 -23 -5 11 15 11 -13 -15 -19 11 -10 -14 -4 14 -7 4 -6 -11 12 -23 -22 -21 9 -19 3 17 25 4 13 -9 0 12 19 -5 22 8 -20 -17 -8 -13 20 7 23 15 20 16 19 -11 -21 5 16 -18 9 24 14 11 16 13 -10 3 3
-11 -11 -4 9 10 -22 -11 18 -4 -25 -14 2 23 -24 -3 13 20 -15 -8 24 0 24 7 -1 12 17 -11 -1 6 -9 -23 21 -21 23 -22 14 1 17 6 -4 17 -8 23 -11 -7 19 -24 12 -22 18 10 -22 17 16 2 -23 7 -10 2 -12 6 -22 -17 -16 -25 11 23 -25 3 -23 -4 -6 -6 -6 8 12 -13 -16 23 16 1 7 19 -8 -3 20 20 -21 -16 21 -8 -11 24 25 -2 -2 10 20 -1 12 22
20 -19 -9 13 -12 2 0 22 0 15 -2 -19 8 -11 -22 -24 -17 7 10 -22 24 24 1 -3 21 -1 6 15 -3 -7 11 16 24 1 4 -14 3 3 8 -23 -8 -20 8 -1 19 -15 0 -23 17 -16 5 15 7 6 11 2 -21 -8 16 -25 -16 -25 16 -18 2 19 18 -21 -4 0 6 13 -21 13 11 24 24 -15 0 15 19 -21 -21 0 10 15 1 -12 6 -9 13 -11 -8 4 -4 -7 22 14 22 -7 13
-24 5 18 14 -9 -10 12 -25 15 -24 20 -7 -20 19 -22 -6 -5 16 -25 -15 4 14 2 7 10 -6 3 -2 -10 -5 -15 16 0 2 5 -10 17 16 -10 -20 17 9 -1 22 3 -24 -9 -3 -9 16 7 20 4 9 -25 -12 -23 -22 -15 18 -2 21 8 -3 -3 12 12 14 3 2 -7 -6 -15 17 16 -13 18 -19 9 -16 -4 16 3 -1 -1 -22 13 -25 -19 23 -8 -22 18 0 1 15 -14 -13 -23 -12 -12
-5 -18 -1 12 23 -15 4 3 -6 -13 24 -16 16 -3 8 19 9 -18 -1 -19 25 2 -2 -1 -23 -13 -16 15 14 -2 -23 9 5 -25 -5 -24 -14 -2 4 5 11 -24 -12 -25 23 -5 19 7 2 -8 13 1 -7 -15 -1 -4 23 9 -15 -15 -19 12 19 -15 13 -12 -14 -2 12 -11 2 22 -10 15 22 -13 -16 -11 -7 -15 -20 -20 12 -2 16 10 19 -13 -7 3 -3 24 15 -9 8 2 -22 19 -1 -11 7
-25 -15 22 15 6 9 24 20 -24 8 25 7 19 -2 -3 4 16 9 22 19 5 -5 8 21 -23 9 -1 -4 -18 -13 -23 -18 -2 25 -4 3 -18 19 -2 -17 1 -3 15 -5 -6 11 24 10 -6 -6 3 -1 14 10 19 17 -7 -8 -13 25 5 14 -19 2 -13 -24 -21 -6 20 -24 3 -5 24 17 15 -8 3 -13 1 -4 7 3 20 20 -13 14 11 -21 5 -3 3 9 11 -17 -15 23 -16 15 -8 -22 -10
-6 24 -12 10 13 6 12 0 6 -17 6 -16 2 0 21 15 11 -25 -5 -18 3 3 18 12 -12 -10 -5 -23 7 -1 17 0 -3 -20 -16 9 -15 22 8 16 4 -12 25 5 14 21 -5 -1 -5 -11 -20 -3 17 -2 8 -21 13 -22 6 -6 -24 -2 -7 23 3 2 -20 -13 23 14 -23 -25 -24 2 6 -11 22 -25 13 16 14 -7 -13 -21 16 -5 -16 3 23 -11 22 24 -14 14 -5 -12 -10 0 0 13 -12
3 13 15 4 18 -22 0 -8 17 15 -20 -16 -24 -15 25 21 19 2 18 -18 23 -10 -6 11 10 7 0 10 7 12 23 9 25 12 -13 17 16 -14 -16 -19 -25 14 15 1 -2 -12 22 -9 -11 14 24 -14 4 17 -4 13 -2 -5 -3 4 -18 20 -13 6 6 -1 -3 21 -16 -20 1 -16 20 -10 -15 17 3 -19 -17 -9 -6 -19 -24 -3 23 -3 -15 20 -8 7 -1 -1 1 11 -21 7 10 -25 -24 -7 6
3 -23 0 18 -13 16 21 18 24 -14 -14 4 -12 9 -25 -16 -7 -5 1 -1 -7 -1 0 3 -23 -19 12 3 -18 -20 -17 10 -18 -18 -23 -6 23 -3 -14 22 -18 22 25 20 -21 0 -21 -3 20 -21 22 -13 -22 -4 -11 5 -24 -24 -18 8 -19 -10 18 -12 -3 20 -19 -5 16 17 16 23 13 -11 18 -8 14 -4 14 -18 25 -16 19 -23 -21 -17 8 -20 -16 15 14 15 5 6 -23 1 25 8 -5 15 -1
-15 12 -14 25 -22 -23 -13 -1 -9 -5 -1 0 -12 -25 -21 21 8 9 4 23 -3 -7 2 2 20 2 -25 2 23 -11 -25 -18 -24 12 6 4 14 19 -22 4 -12 -24 4 -25 -24 8 -4 10 -9 25 -19 -12 -7 -18 -11 12 9 -10 -11 6 4 14 -12 -21 25 19 9 -12 -14 -14 17 24 -13 -5 25 13 2 -5 -3 19 19 -23 6 11 -16 20 -2 -7 9 -14 24 13 -1 -14 17 -1 5 25 12 16 10
-23 -11 -4 -2 13 -16 25 7 -20 -8 0 -17 -3 -14 17 -8 -17 -16 0 19 -17 -13 -8 19 4 -10 23 -23 -24 -12 13 4 2 -17 -24 -11 -8 0 21 23 -8 20 -20 14 5 22 5 13 6 -20 6 -12 17 -2 6 20 13 4 23 -11 -9 -16 18 -8 -8 -7 -20 -16 -8 0 -19 9 -6 11 -2 25 -19 2 -14 -14 -19 -8 -1 24 15 -20 18 -24 -17 -11 15 24 -2 -19 -10 -10 -1 -5 -1 -9 20
-21 25 13 -11 22 12 20 -1 -2 -19 5 15 5 -23 -22 -16 -5 4 -8 9 -6 -10 -18 25 -21 -3 24 -1 -5 -11 18 24 -12 6 -13 10 17 -19 8 -11 12 12 3 -8 15 6 1 -16 10 -7 -8 3 -18 -1 2 12 -5 0 10 15 -12 3 -13 2 8 24 11 24 -20 -7 13 -9 -21 -10 8 -7 -4 9 -24 5 1 -6 -18 -18 -8 9 19 13 9 4 -24 22 6 -11 23 -12 -13 8 11 17 -25
-2 -17 5 -12 -10 23 -17 -2 25 13 24 -7 20 6 -16 -23 -1 22 11 -23 -2 8 8 -14 -21 -5 23 13 -19 -11 -13 -22 22 17 -9 -14 -11 24 -16 13 11 -18 5 -21 -13 14 -18 12 -15 18 -12 8 25 -4 19 -21 16 16 -9 -4 -21 3 0 -25 20 -10 12 8 -11 21 -5 -1 2 25 4 15 13 11 -25 23 -23 -12 -21 -23 9 23 6 25 -12 22 -5 17 24 -6 18 -8 -16 -22 25 -2 24
-6 22 25 18 0 -12 6 10 -12 -23 13 2 7 -11 10 4 20 9 -9 -10 4 -17 -12 -3 0 6 6 3 -21 -22 -25 24 0 25 16 -1 -12 21 -16 -25 -2 22 2 -21 10 12 8 4 -5 -1 19 -2 7 6 21 -19 11 -25 -17 -10 4 -17 -12 -22 7 -22 -24 -6 25 -15 -5 -3 6 -4 1 -10 -18 8 -7 3 -19 11 0 -13 17 20 18 2 21 -25 17 -1 8 -21 -24 -10 8 -23 9 7 13
3 3 -7 25 3 -17 -19 -15 1 -17 17 12 9 -22 3 3 -4 -21 -2 -4 -4 -4 -21 25 -3 19 -19 0 2 13 -13 5 15 -21 4 -8 -13 10 -23 -12 -7 19 25 -24 -4 -24 -22 17 -20 -24 13 -25 -3 17 0 -6 -16 6 -7 -15 19 5 15 8 -17 -7 0 21 3 2 8 21 20 7 -4 15 -18 24 -19 -13 25 19 13 22 -16 12 -10 -7 -8 8 3 10 12 -7 -7 20 -15 18 -11 -13 19
22 7 13 -23 2 2 -16 1 -18 22 0 -25 9 21 9 20 -15 1 -14 -8 -21 -4 -22 22 14 -2 6 -20 12 -7 -2 9 25 -15 -15 2 -14 -5 -23 -6 -9 -24 19 -1 23 -23 -7 7 3 -22 25 -19 -1 2 2 12 25 -17 -9 -14 1 14 -6 25 24 4 -25 10 24 2 -22 -11 4 -4 -13 -25 -2 5 7 -24 -17 6 7 7 -17 -16 -6 7 -8 10 -8 -8 24 11 16 22 -10 17 -20 13 -7
8 2 -4 -21 14 -4 -24 19 3 2 -24 -17 -16 8 16 -7 1 23 10 11 -11 1 9 -25 -9 -21 15 7 -15 2 0 18 -22 21 -4 -8 17 -2 -15 -6 25 11 -24 -17 18 18 1 -6 -11 10 4 3 10 12 3 1 -10 17 -18 25 -6 -19 18 22 2 -12 13 -7 -15 23 -14 10 8 -13 18 1 4 19 -6 18 -23 -3 -4 13 8 -2 13 23 -10 -6 23 -17 1 -11 4 -23 -24 -8 20 12 -11
-20 -4 -3 -8 13 -3 22 6 -10 -12 -17 -14 9 -5 -7 7 -18 -10 22 1 12 4 1 0 -18 3 -24 -1 -3 13 -12 2 -17 -16 -6 21 -20 15 -24 20 -23 -16 -20 12 4 -2 -7 -15 -13 14 -15 -1 17 12 -2 24 14 -1 23 11 -14 -15 12 19 19 -20 15 24 20 -10 18 23 24 -3 -17 -24 -6 -25 -14 6 -12 -4 4 -21 7 -23 2 -4 1 -1 -19 -13 -17 18 -20 -24 -2 -6 -1 17 -17
-9 -12 -19 -13 -4 -18 6 21 -7 -13 8 -11 16 12 -5 -8 14 -10 -7 -13 21 5 -4 -12 -16 22 11 -22 -4 2 -14 -14 -10 -7 -1 11 25 -21 -19 -7 -9 14 -19 7 -25 -25 -2 14 -9 16 0 -14 -5 -5 -1 -21 -8 9 -18 -13 11 18 -2 -25 10 22 -15 10 -24 -9 2 17 5 -18 23 -21 -18 -4 -8 -2 -14 17 -16 -19 12 -18 10 -22 17 -9 15 -24 -17 -13 -24 -7 -16 11 -23 10 2
-22 -25 6 -15 24 10 -8 -6 -24 16 -21 -8 -1 10 -22 6 -6 -19 -3 -16 -5 23 -7 8 -2 -15 -9 -16 12 -25 11 15 -25 -9 25 -2 0 16 -9 1 6 -4 18 4 5 -4 -15 -1 -24 -19 8 -3 -21 0 -21 2 10 -5 -15 -4 20 21 -15 -6 11 9 18 10 0 -17 -15 5 -22 3 -16 -17 24 -6 7 25 0 -11 21 -22 15 25 6 -1 19 16 -5 13 -14 -21 -18 -4 14 -1 -19 -12 -19
16 -8 10 18 1 18 -10 -6 -1 15 -6 -13 10 -3 -24 -16 2 -25 -23 18 -5 16 3 -1 -3 24 12 -5 4 25 1 20 -8 -15 -14 -8 2 2 12 -25 16 -20 -12 25 -24 14 -17 4 14 -14 21 8 1 -2 -18 -3 21 19 17 25 -7 17 19 -16 -23 -21 -25 -22 -20 12 -21 -5 -9 17 -5 18 5 3 21 19 -12 16 1 14 -12 -18 10 8 1 1 7 19 -7 0 2 20 -21 2 23 9 14
1 -21 4 -8 24 -4 -3 -25 -9 -10 -11 -19 16 2 19 24 -13 2 -1 13 -17 17 5 -17 18 24 12 -6 -4 20 7 22 -2 -14 14 -4 -19 -15 -3 -2 0 11 -22 15 -13 -3 13 -1 24 11 12 6 -24 16 -12 19 15 25 13 -15 -6 -6 6 17 -21 19 -12 -14 -22 -16 -17 -23 -6 -14 -8 -20 8 -21 -21 -20 -10 -10 -14 -9 -20 -1 -15 20 24 23 4 -8 16 10 8 21 3 -5 -19 -19 4
-11 8 -3 25 25 3 -18 4 7 12 19 -4 23 9 1 22 19 21 -6 -10 24 -15 -19 8 18 1 11 13 7 -9 -9 -5 24 -12 19 -2 16 0 -24 22 -13 -6 -8 9 -23 18 -21 -4 -13 -2 -15 -14 -18 16 19 -25 -9 -22 13 -3 -6 3 -9 -7 16 -15 -10 -20 -16 -9 1 -4 -16 18 -20 11 -15 -16 6 22 -18 17 -18 -11 -19 -24 14 -2 4 -25 -6 24 -22 11 16 19 -5 -20 -1 4 21
25 0 -21 -8 -21 -11 -24 13 21 23 20 -14 -20 -16 -8 6 -3 -11 -16 -2 9 7 1 19 -3 19 13 2 17 16 22 -9 -10 0 8 -6 15 -17 -18 -16 5 -24 -5 -16 10 -14 -11 7 -25 24 4 -17 5 -21 -24 -23 -3 -12 -22 -11 -22 0 5 -6 25 12 -13 14 -6 -6 -3 24 21 17 -17 -21 3 -3 -15 3 -5 14 -15 0 -8 11 -24 15 24 4 3 1 -22 7 20 -22 -7 7 -9 12 0
14 -16 20 -21 17 -1 7 14 9 9 8 -2 19 -18 15 -22 -17 -22 -24 13 6 3 -10 -13 22 18 -21 3 -16 -10 3 -3 25 -3 1 16 21 8 4 -21 -9 -13 -24 10 -6 -10 13 -23 -6 -11 -11 -1 17 4 -14 -13 -3 15 -10 -20 -20 18 2 -21 -11 -23 -6 10 10 24 -12 1 -15 -11 10 -22 4 22 -20 -3 -15 19 22 1 -2 -18 -12 -6 -4 3 -1 1 -5 -25 -21 -17 2 -1 18 12 -3
-20 12 -19 19 21 -16 -2 17 15 20 2 8 -10 2 5 22 15 24 -7 -8 -3 19 -14 22 -2 -5 -1 -4 12 10 -8 -8 -4 -2 -15 -9 -19 8 7 21 -23 -17 -22 -8 11 8 -11 25 7 7 -8 3 25 3 25 22 -3 23 -8 -16 7 9 1 2 -19 11 18 13 19 -1 -18 -5 -18 -15 12 -8 19 0 -9 25 6 -18 -24 -20 -15 -25 -24 7 -3 -6 -10 -22 2 16 5 -17 -24 22 21 -6 21
-23 14 -23 -12 25 19 6 25 -16 -21 -21 17 -20 -16 -24 6 -14 -18 -23 -21 -2 6 6 -12 10 -12 14 7 -17 -18 -24 -14 -5 3 24 20 -4 -22 19 -21 -18 23 21 12 7 -4 17 -8 4 -6 -4 -24 25 1 14 9 15 -23 15 -3 9 -10 -18 -21 18 5 -2 13 8 -9 18 -11 13 -13 1 -6 -17 -8 -15 -14 11 6 12 10 7 0 19 21 -24 -18 17 11 -2 25 -11 15 4 12 3 12 2
20 -25 -11 6 1 -17 14 -7 -7 25 -22 -1 11 -12 5 11 6 25 12 13 16 22 10 15 -15 0 19 22 -23 5 -2 -4 -21 -13 -24 -20 20 16 -2 12 -11 -25 -15 -25 -12 -11 -15 -7 -12 -4 6 -21 -7 -10 -7 -23 -11 11 25 16 -10 22 -14 20 -17 -12 25 2 -22 22 -11 17 22 24 -9 10 -12 1 -23 -25 -3 8 4 15 -2 23 -9 12 -18 -10 3 -2 12 14 17 20 1 16 22 4 12
-15 21 -18 -17 -14 17 -4 -13 -6 -3 9 1 -25 23 24 -3 -12 -15 5 -22 -13 2 15 -25 18 -17 2 8 -21 5 19 -11 0 0 -2 -14 -8 -7 -2 -15 -11 -19 11 15 -22 -16 -14 16 -6 -10 19 6 -9 8 -20 -17 17 -19 -10 -5 -14 8 10 11 -17 7 -4 25 25 19 -16 -11 25 20 -22 2 3 14 18 -4 4 11 -24 -6 -6 7 3 10 13 -8 -21 24 -25 -12 -16 8 20 5 7 20 24
16 8 23 -16 -15 25 13 -2 17 -17 -24 -24 10 -4 20 -9 -2 4 3 -11 -17 -24 -11 -4 -15 22 16 -11 -23 -16 -13 18 -9 10 2 1 9 14 24 25 22 0 -25 -20 -5 21 21 -8 24 -1 6 6 0 -5 2 -16 16 -8 -2 19 1 -15 -15 -9 20 12 17 -23 25 -11 -24 -4 -12 1 1 8 21 22 -1 -6 -5 -20 25 -6 25 1 -23 15 -8 25 -18 18 -16 18 -17 -22 4 -1 -20 -22 -12
6 -1 1 7 25 9 2 21 -18 21 15 12 21 8 -15 21 10 -25 -12 -16 7 5 -7 -1 -12 -3 3 12 -24 6 -1 8 -21 -25 -11 3 -17 -10 24 15 -14 13 2 6 21 12 -25 -21 -14 -12 -12 19 -7 7 17 6 -22 -6 17 4 25 -9 -14 3 16 25 -19 24 -10 -21 13 -25 -9 14 -20 -14 -25 5 -9 11 19 4 -22 11 10 21 -9 -13 -11 7 17 14 23 2 -9 -13 2 -3 10 -9 -25
-2 16 -8 11 -5 -23 -15 25 -7 22 -8 -3 25 -23 -19 20 18 19 -16 0 10 23 22 -14 13 -16 -13 -15 19 -23 -15 16 -8 -24 2 -14 -21 12 11 22 -18 -23 -7 -18 5 25 -24 22 18 10 -4 -24 -19 -7 12 20 2 25 4 20 1 -12 11 19 -10 12 4 19 23 -11 15 -20 -8 8 -13 -4 -19 13 -8 24 23 14 -1 -22 6 -15 -3 7 -16 0 1 -15 14 11 3 3 -3 -19 21 -5 -4
-16 25 -13 17 -14 8 23 -2 -1 -5 -5 12 19 24 -8 -21 20 -2 13 -5 25 -3 8 10 25 10 7 6 -21 1 -24 -12 0 -12 -20 -15 -5 2 8 -7 23 3 -20 -10 -25 -3 19 20 -5 -19 14 -6 3 21 3 -23 5 9 8 9 -16 -17 -3 9 21 2 -7 -10 -22 1 8 0 -22 -13 -10 -22 -16 -17 -3 4 14 -14 -3 17 -19 25 19 -14 9 -25 -6 -8 -17 16 1 -22 17 19 18 -5 -6
25 20 22 -13 9 -1 21 -8 22 -1 -20 -18 21 -4 13 -6 -11 -2 2 14 18 20 22 8 20 -1 25 13 16 -6 7 16 13 -23 2 -3 2 -3 14 -2 21 -7 -21 -10 15 17 9 3 -10 -14 -8 7 -20 13 14 25 -13 13 -14 2 -19 -8 -8 20 -5 -7 16 22 15 -22 19 -16 -4 23 -1 10 -12 -17 -12 -23 -6 -21 -17 24 17 23 -3 3 -16 8 -20 -9 0 22 10 20 -10 25 -10 4 -23
-17 14 23 5 12 8 18 20 21 -5 13 25 3 -15 -10 0 7 19 10 15 -2 0 -11 -6 9 8 9 8 23 -12 -16 -20 1 -19 10 -13 14 -24 7 -17 -4 19 7 25 -21 -3 24 -15 -10 -18 25 13 -19 13 6 15 -5 -10 22 -8 -23 -20 22 -23 12 -20 -11 0 -18 -5 -17 -23 -11 -11 1 18 11 0 -23 0 -19 2 -13 -12 -11 -7 2 -16 -18 -1 1 -16 -22 23 11 15 -23 25 15 9 -5
23 12 -17 -14 -13 -25 -3 -14 -23 22 18 -22 9 -20 -7 -24 7 2 -17 5 2 17 9 -1 2 -2 -24 1 -13 10 -5 9 21 -23 -5 8 -23 17 -7 5 13 -15 8 -4 15 0 -3 22 -24 -21 1 -22 21 -16 -24 -3 -18 -23 -2 19 -13 -8 -23 7 -5 -3 -11 22 -12 8 -25 0 -8 9 -4 -18 8 -8 -22 10 -3 -22 -13 17 13 -12 -11 -6 16 -14 -13 2 -23 -11 -17 -3 -15 23 19 23 -21
19 -2 -4 -24 -7 -23 10 10 5 19 -19 9 5 24 21 -8 12 -11 -18 -3 1 -17 -1 -10 17 -4 25 14 -11 23 -8 7 20 -13 -17 -13 -10 18 -4 -6 -15 -23 2 15 0 -3 -19 -14 11 14 -18 12 22 6 1 -13 -24 0 0 15 -3 17 22 16 4 -21 2 19 22 24 12 6 -25 -11 -5 0 11 1 -15 22 14 -8 8 -15 23 -17 -3 -1 -18 -3 -12 -21 -12 -16 20 17 13 -3 -16 -17 -5
-4 14 -5 10 -17 -6 20 -16 4 16 23 21 23 -18 -8 5 -21 16 13 1 4 17 -12 -13 -15 5 -25 7 -12 -17 1 9 23 -5 18 5 14 13 14 17 -23 -14 12 0 18 4 -21 22 -6 -9 22 -3 7 -15 10 18 -11 10 -1 2 -8 0 11 14 20 3 -6 -17 15 7 25 18 18 12 17 -15 15 -5 -19 -17 12 3 6 -7 13 15 10 1 24 -16 -23 -10 -17 13 -21 -23 -9 23 -15 -20 4
10 -3 22 21 13 -19 10 -17 12 18 -6 -11 23 12 1 12 22 -24 -16 -20 4 0 13 -9 -22 15 -19 0 0 12 3 9 8 -1 4 -4 -21 -12 -22 -9 5 -3 -21 -23 8 -20 -12 4 6 -2 -17 -16 23 21 -25 0 -15 -19 25 -16 -8 2 18 -25 1 -4 21 -21 -17 24 -5 -13 20 25 -11 2 -21 3 6 10 -25 14 20 23 -16 20 22 -6 0 21 -23 18 -3 20 -8 -3 15 12 2 -3 -16
22 9 -22 21 24 -21 -1 1 10 -16 1 24 3 23 -18 22 19 -25 -4 -12 -23 13 -16 -4 4 7 10 -10 -17 -19 -1 4 15 -24 25 -13 -19 -2 -13 -10 7 13 -12 9 -16 20 5 2 -6 1 15 21 -12 -1 16 18 -20 0 7 13 -20 -19 -9 -5 -18 -10 7 13 -12 20 -22 -6 -19 16 -22 16 -15 -18 -8 4 8 7 25 -4 -20 15 13 10 15 -6 -3 20 0 -13 -11 -18 -23 -4 20 -10 15
-3 -17 -5 -12 -14 -15 23 -6 -23 1 1 9 25 22 -12 15 9 23 4 -22 19 -2 -23 -20 -13 9 -18 -18 -22 22 22 0 -20 -9 -13 16 -24 -16 9 -22 11 -15 -14 10 6 24 24 -10 -5 2 18 -12 0 -6 18 -14 -22 0 -7 -19 -4 14 -20 -25 4 -7 17 5 2 25 -18 12 -16 18 22 -10 16 20 -21 10 22 -4 23 21 15 -10 -19 -8 15 24 23 10 12 3 11 -10 21 -24 -5 -3 0
-24 9 -16 20 5 -1 -16 24 3 20 -6 24 -9 -11 -13 6 20 -21 20 18 -24 5 -22 4 15 19 24 -10 -12 21 15 -11 4 24 8 8 -3 -8 -20 -1 -14 0 -3 -24 -12 -16 8 8 -12 2 0 14 6 -22 -7 -5 22 16 10 -16 11 25 23 14 23 -20 21 20 -3 -24 -7 -18 -25 -10 -17 13 -1 -10 -5 12 18 -5 0 -2 -2 -8 -7 -6 -17 2 -23 19 1 -1 -18 -1 4 -23 18 0 -22
-15 7 3 0 16 -9 24 5 11 -16 -3 -20 10 -5 3 -24 13 22 9 -11 -2 3 -10 23 -16 -12 1 -14 -20 -24 15 15 -18 -8 15 -3 8 -13 -23 19 -3 24 24 -19 -7 -24 7 5 -3 -9 -6 21 -7 9 18 2 -4 18 -13 1 -7 -24 15 1 19 4 23 -25 17 -1 19 -12 -2 -8 19 -10 -7 0 21 15 16 14 -16 8 22 -24 -16 -8 -6 -3 -8 12 23 -19 12 -10 -15 -16 -9 -24 8
9 14 5 -25 7 21 18 6 -10 8 22 -22 -9 4 -1 18 14 -10 -14 10 7 -3 -19 -13 -16 -3 -3 -7 13 23 0 -4 11 -20 22 17 -25 14 -2 15 21 -6 -8 -13 23 16 -21 -15 -20 -10 -6 -14 12 1 -2 -5 -3 -5 13 9 17 -12 -21 -23 18 0 19 -8 -11 16 -19 -16 -16 -2 21 7 -12 25 -9 18 14 -15 -22 -25 11 -25 -5 7 20 8 -10 12 -5 19 14 -13 -6 -19 4 -18 23
10 -9 6 7 12 12 -6 -15 -22 -14 25 -12 14 -1 -2 -12 -7 -21 -17 -25 -6 -6 -5 -13 7 -19 -20 13 10 -13 -16 19 -22 16 0 15 -24 19 25 -21 4 -2 17 -8 -4 14 -20 15 -8 13 15 -15 -19 10 -2 -13 -10 -23 -1 0 -10 9 -7 -7 24 -7 7 25 11 -20 4 -10 4 20 -19 -1 9 -14 -12 0 24 3 11 4 12 8 -10 -24 10 15 1 -1 23 -6 17 21 -14 23 -6 22 -22
23 11 -19 -8 -8 5 0 -23 -7 25 1 21 10 4 -19 17 20 -18 2 9 -17 -25 6 -24 -8 -25 -13 14 -6 8 17 17 19 -3 -17 -15 -23 -18 12 -5 -19 -13 15 -9 17 21 7 11 2 -17 19 10 9 -1 -15 0 24 -3 -12 -8 5 5 8 -2 -24 -10 -18 3 -3 19 -3 4 -19 -14 -6 -3 6 -25 7 -17 9 0 -8 17 -2 3 16 -4 25 -22 -13 -22 -18 21 1 9 -15 8 -14 -18 -24
9 11 7 -6 4 -22 -25 -22 10 -17 -14 9 25 -23 -19 2 18 -24 -24 -4 13 -21 3 -18 6 11 18 13 23 25 -12 6 -16 20 -1 13 23 -1 -10 -19 -19 2 -11 -19 4 20 8 22 21 9 -8 -17 -12 -6 -10 -7 -20 -18 5 2 -19 19 7 -10 13 -20 2 -15 -21 18 16 -15 -6 -20 16 -3 25 -1 -7 -5 7 -16 3 -6 -22 18 12 8 0 -8 -16 6 -15 16 -4 -3 21 23 -19 -1 -11
23 10 -18 -23 0 5 1 -2 -3 -5 5 7 23 -2 10 -10 -15 17 -11 -24 -25 20 11 16 15 -18 -15 -13 -11 -16 1 11 19 9 -13 18 13 13 16 -16 8 20 16 5 -8 25 -6 2 16 8 -23 -10 -23 13 -20 -9 -5 16 3 -17 25 -21 19 -8 -13 -20 9 25 -8 -1 -17 25 -7 -1 -21 11 23 -2 12 -12 6 15 3 8 -24 -17 -2 -4 24 -24 4 -3 5 -3 -12 17 -24 22 -10 -6 21
23 18 -12 21 22 -2 19 20 10 -19 25 -1 9 -19 0 17 4 -4 -11 5 25 -15 -16 22 23 0 23 20 -11 16 15 -13 9 2 7 -21 -25 25 -2 10 -20 -3 8 -11 3 7 5 -18 -23 -6 12 -23 -22 -4 -2 -24 21 -5 -5 -15 11 9 22 -6 -15 3 23 10 3 -4 19 -18 -8 1 21 21 8 -25 2 10 -6 -12 -14 -3 -17 9 23 -21 4 -8 14 -11 -25 -16 -18 11 -14 4 -5 -12 -1
-11 21 17 -11 16 -14 22 16 13 -19 9 -25 17 6 -16 -25 3 13 4 -5 -25 -8 20 -16 -1 5 20 -23 0 -17 2 -12 -22 18 -24 -7 -22 24 -16 16 4 -8 -10 -5 23 -1 -5 -25 11 -2 20 -15 15 14 19 13 19 14 -10 -7 -4 17 -20 -1 -17 -19 -9 -14 4 25 -24 -18 -8 -9 -23 14 -10 22 14 0 20 8 11 9 22 4 22 15 -8 -14 7 -13 2 12 11 10 -8 -23 21 22 -24
-4 3 18 -14 5 7 1 -24 20 1 21 -23 -14 -22 24 -11 25 -13 -19 -15 -7 -7 -14 4 -21 21 21 6 -10 -9 -19 11 20 -1 23 24 -20 23 25 -1 23 -6 1 -17 -2 24 -2 22 10 4 7 2 -4 18 -20 25 14 1 5 -22 17 -14 -11 -15 -16 11 -16 -11 -18 8 -13 -20 2 -12 13 -1 11 -15 -5 -4 -12 -24 23 -16 20 3 -17 -18 -22 -12 10 -6 24 24 5 -18 -17 -12 21 -9 -5
-18 21 22 -5 8 -5 -19 -7 -10 -24 -20 -9 -2 -11 10 -25 -2 17 3 11 2 23 -17 25 -24 -10 8 -11 -15 -2 -17 -8 -7 5 -13 0 25 -7 18 -11 -6 -2 -20 -9 12 15 -8 9 7 20 19 8 -9 -24 7 17 -9 -11 5 1 -14 14 -7 4 -7 5 -21 17 23 -4 6 16 19 11 -19 -20 0 23 14 6 -8 8 -12 8 -17 -5 0 0 -17 -21 0 -5 -8 18 24 10 -3 2 -24 19 -2
7 -17 -9 -8 -10 -4 17 12 -15 -2 -22 -8 -15 -14 25 5 -15 -1 14 14 -1 -17 -19 -9 6 -10 14 8 -9 -19 -20 23 -10 -4 14 -21 -8 -20 16 -24 3 -6 -7 13 5 -8 18 -11 -9 6 -23 15 14 8 5 19 -2 18 1 -12 25 -20 11 -11 2 -1 -7 19 4 8 -6 6 -24 -14 19 -20 -23 11 -6 -7 -9 22 7 4 4 -13 22 1 -21 23 15 -22 -23 25 17 4 23 9 22 2 -8
15 7 -7 -25 0 -1 -22 10 18 -4 -25 -12 3 -22 -8 -11 0 18 -7 -3 -19 22 -1 -20 -13 3 3 22 -1 -21 -12 -11 -15 -20 14 11 4 17 -5 22 13 21 -16 -10 -2 -25 4 23 19 -4 -6 -1 17 19 -21 -21 -4 7 -25 -6 -15 13 -18 -5 18 22 5 22 -13 -25 -8 25 -5 -25 -11 -8 -24 -8 -10 20 14 -17 18 5 1 22 9 -4 3 -17 16 13 21 -3 8 -12 18 -13 -16 -20 12
1 4 6 1 19 24 2 -15 13 21 -2 21 14 -22 -3 10 -14 18 13 20 -18 25 15 -21 7 -23 -4 20 11 -25 -20 -14 5 12 -13 -2 10 -12 -18 -3 -16 -20 -8 -3 -17 -12 6 19 6 -7 13 13 18 -23 -9 -1 -21 13 18 -10 13 24 -25 -8 10 -13 -11 19 -25 22 -10 9 -24 -19 -20 9 -5 -15 2 -25 4 15 -13 21 17 4 -6 -5 16 12 10 -23 10 11 20 19 -3 -17 12 -3 4
1 -20 5 7 10 13 -24 21 -10 1 24 4 14 19 -5 17 12 -11 -19 23 -1 -17 -19 9 -23 25 -20 11 -15 -23 14 11 7 -6 -7 17 6 19 12 -5 20 -16 24 -18 2 18 24 13 -18 4 11 6 12 17 14 -11 -9 19 -1 1 -5 -13 12 2 -20 4 -7 -14 22 4 6 16 13 5 23 14 -3 -5 1 -22 24 -14 -17 -15 3 22 24 19 -10 22 19 10 8 -21 -14 -12 -18 -22 -1 -21 7
-21 20 19 9 -8 7 6 12 8 9 -15 -7 -8 20 21 -12 18 -12 3 14 -18 13 -4 11 -2 9 19 2 -18 23 8 -13 -9 2 -5 -18 8 0 -6 -10 -16 4 9 1 -2 4 -12 15 -8 17 3 24 -22 -2 9 1 -18 2 -23 14 24 -15 0 15 12 21 22 19 20 -10 -16 -22 -7 -8 -22 -10 -5 17 -21 12 -18 7 10 -15 -20 -6 11 12 -5 -12 0 19 -2 0 -18 9 20 3 2 14 19
11 -8 11 2 20 -24 23 11 -20 9 18 -13 19 -23 17 12 -12 3 -19 1 2 -1 -2 1 6 -19 -5 -16 8 -16 2 19 -25 12 -5 20 13 17 6 -7 -25 -2 5 19 -25 -4 5 -12 -2 -15 14 -1 10 11 -25 15 17 -5 -2 24 -22 25 17 -22 12 12 -2 24 -23 -22 -9 -23 -25 -5 21 -25 -10 0 -12 13 11 1 12 20 -14 12 9 -23 6 -18 -24 -16 6 -8 12 17 3 -16 16 6 -13
6 -18 -12 -24 -22 13 -9 -23 -24 4 -13 -24 -10 -19 -12 1 -10 15 -19 22 -10 -10 -24 -18 -23 19 10 11 9 15 24 -11 23 11 15 0 -2 6 2 24 -16 -11 -25 24 20 13 -1 -16 -24 -21 5 -8 20 7 -1 -4 0 8 -19 8 23 4 -4 -6 -11 -14 -7 -13 -9 -6 10 0 8 -16 23 3 -4 21 -14 -2 25 17 15 19 23 13 14 -3 -5 21 -21 17 -1 25 -15 14 10 3 0 -25 23
9 0 -21 19 22 7 -11 17 -7 12 -9 -16 -25 9 -19 13 -2 -23 8 -7 6 24 17 5 -16 -21 -10 -14 -22 -10 8 13 -10 13 -20 11 19 -6 3 -14 6 19 20 -20 2 0 -7 25 -24 -25 17 -19 24 9 12 7 -13 1 -7 -9 -10 -25 -22 -21 -13 -17 16 6 -24 18 -9 -19 -15 11 12 -14 10 -21 11 12 -21 2 -8 2 10 -22 9 23 -22 -24 -12 19 1 16 23 -12 -2 -13 -7 24 -21
9 -20 14 19 -9 -25 -22 -5 11 -11 24 -13 6 0 23 -16 -17 20 -13 -16 7 5 -15 -3 -23 -2 20 -11 16 -8 19 24 22 7 -8 -13 7 -5 7 -8 9 5 -21 -11 5 -24 23 13 -5 -15 -3 -24 -11 7 23 -9 4 -9 6 19 8 24 17 5 -21 8 17 12 -23 24 3 -15 3 -19 25 -18 7 22 -5 -24 6 17 2 21 23 -1 -14 -25 -11 -9 19 23 -11 -16 -24 19 18 -8 5 -6 -10
7 5 -7 -12 -22 0 20 25 20 -4 -20 -15 23 -25 7 22 11 7 -15 -23 0 7 16 -16 -18 9 -24 0 13 20 -11 20 24 7 7 -24 -18 1 1 1 22 -20 -14 -6 5 18 -10 -10 0 25 17 -1 7 -18 -18 14 -10 8 13 3 3 -23 -3 1 9 -22 -23 -10 -22 -23 17 -25 -18 -23 -6 12 -6 -17 1 -7 -18 -7 -8 -12 0 -1 2 -11 -18 -11 17 10 16 13 10 0 16 12 15 -6 -12
-20 19 -5 7 12 6 -24 20 -18 -6 1 0 11 15 -1 10 -9 13 17 -21 5 -25 21 -8 10 -5 8 22 9 1 -16 -11 -6 5 21 -20 -15 22 25 -8 16 0 -9 -25 14 -11 10 -21 -23 -25 9 -19 -25 4 23 11 -2 5 7 -19 -20 -10 -5 24 20 16 -22 5 -14 2 -4 1 2 -13 2 -10 1 11 20 3 -14 3 -17 -14 6 -19 -4 -22 -15 2 9 16 18 4 14 -14 -6 18 -10 5 19
12 -19 -5 -2 -18 -15 24 -8 4 -24 -23 6 -16 -11 -14 -10 -16 -11 -25 12 -3 16 4 -25 4 -11 -6 21 5 -1 15 16 -21 9 -12 11 19 -14 2 22 12 5 2 -4 -7 13 -15 2 1 -15 -12 -2 -25 -9 -2 5 6 -8 0 -15 16 14 0 -6 -2 13 -21 16 -2 -20 13 -15 10 14 -20 -23 -24 -10 5 -24 1 -8 -1 1 9 23 5 14 -11 -20 -2 4 19 23 23 16 -16 1 7 7 -20
19 -9 16 7 -4 -8 8 12 22 10 12 -11 8 -13 -3 5 18 10 -7 -3 -18 22 15 4 -7 6 13 -7 12 19 -1 -21 -15 14 11 -20 -20 19 -9 -23 -23 -23 16 10 15 12 15 -19 -4 -18 -23 -23 -21 17 6 22 22 18 -10 -18 11 -12 -14 -5 -24 -3 1 -19 15 -9 8 -9 19 -2 0 8 9 -11 -12 4 -3 -10 6 -25 6 11 -4 3 3 11 -16 -11 24 -4 9 -1 -8 9 6 -19 -25
-12 22 -7 -14 -4 -25 20 11 13 24 7 -23 4 -19 8 15 2 10 -8 13 20 -20 -15 15 -11 10 6 23 -10 12 -3 -23 -18 15 -12 3 -11 8 13 -24 6 -6 3 9 25 11 -2 2 20 -10 -11 -12 -5 24 -23 9 8 8 -19 -3 19 3 0 -25 18 -13 -22 6 -6 16 -18 -1 10 10 8 9 20 5 10 15 20 24 -23 15 -3 5 -2 -21 12 -22 2 -20 -19 1 5 24 -13 8 -22 -19 -1
-15 5 8 -5 12 -9 -11 -8 -24 3 11 -1 -20 0 21 -16 -2 0 21 1 1 -25 7 1 6 -21 13 13 -17 19 11 18 24 -7 -13 10 -16 -24 1 10 -22 -13 -17 -17 -14 4 -8 9 3 13 -15 -22 -13 -9 4 -8 21 16 -20 -22 10 16 -5 -18 9 8 -9 18 -17 -8 2 -14 4 -16 20 15 -13 11 24 15 -2 -17 18 -15 24 21 2 19 12 7 -4 21 23 -9 -23 -20 24 18 -3 6 -16
24 -9 -13 7 -15 -23 20 -4 -25 -17 -7 8 -24 3 -20 22 -20 -1 -18 -14 -6 -23 -17 10 4 13 -18 -3 -16 13 6 -18 -21 19 -11 14 -5 8 -16 20 16 3 2 -9 -20 -19 13 -15 5 20 -3 25 23 -21 9 1 18 17 -3 -24 -22 -22 9 7 -4 -3 -4 16 -21 -21 -16 -6 7 11 11 -13 -9 23 22 22 17 18 -5 -12 -3 3 -11 -11 19 11 15 23 -12 23 4 -17 -6 25 -2 23 -21
7 17 -15 17 -24 22 -17 24 19 -21 -11 -15 24 -23 7 1 -9 -5 -5 1 -15 17 15 7 -5 23 1 20 -4 23 -2 -23 14 -18 20 15 -21 2 -13 -3 -20 -24 7 -22 -22 -11 4 19 9 -2 -6 -7 -11 8 -25 10 -20 -25 -22 1 23 1 -23 12 -18 -4 -25 -14 23 13 8 2 14 -10 5 17 4 9 10 12 -19 3 -20 21 -14 5 -21 -9 5 -18 -9 -24 -18 -7 -13 -11 -11 13 1 11 0
8 -12 -12 23 -8 4 -25 -25 -12 -13 -18 -10 17 2 1 -4 6 17 0 13 7 -25 20 0 -12 8 14 -25 -17 24 0 -9 -14 -13 13 -22 16 -12 -22 3 0 10 18 -9 -14 19 -14 17 -16 -15 -22 17 -15 23 -9 -2 6 4 23 -12 2 -3 -22 -12 -17 17 -9 24 -21 19 -25 4 4 -7 -6 -11 -14 5 -19 -5 -11 -16 -14 -1 7 -24 23 12 5 20 -1 7 17 3 20 -1 -6 10 23 23 3
23 -25 6 -10 19 21 -25 23 1 -4 -14 10 -19 10 16 -17 -19 2 -13 -24 -24 19 -8 -22 -13 -10 22 22 -13 19 25 -15 -7 -21 25 -14 25 -25 -17 0 21 -6 10 -24 -22 0 9 -15 2 22 11 -23 15 2 -20 2 17 1 23 -21 -6 22 14 -14 1 -13 -3 0 12 -21 0 7 -2 9 -17 -25 -17 17 10 -16 13 20 -14 -23 -4 -9 4 13 17 1 -9 10 23 4 -5 -2 16 -9 -3 3 -5
-4 -16 18 -21 -8 -7 13 9 -23 22 21 -3 -17 23 18 24 -25 -21 -10 -24 -5 25 -2 24 20 -5 -11 -15 -9 17 6 13 0 23 17 -8 -10 4 -25 18 1 21 -11 9 -7 6 -19 18 11 -4 19 5 21 16 -22 15 -15 17 25 2 8 -21 -11 7 -23 5 24 17 -16 -2 9 -16 -6 -3 -8 -14 -22 -2 -22 -12 20 23 -8 15 -13 20 -22 -2 11 -23 -1 18 -18 -13 0 9 17 -2 0 0 -4
9 -17 15 -20 0 0 8 -2 3 -5 -8 25 -13 6 -13 -19 -17 10 -8 -15 -17 -16 17 -5 9 25 11 7 0 -14 -23 8 -6 -9 13 -6 16 21 17 -7 15 8 18 -24 13 -21 8 21 14 25 5 -4 -17 22 -10 -8 21 0 -2 -5 -15 0 2 5 -10 -10 -2 5 10 -11 23 -1 -4 15 -25 -17 -7 8 -22 6 -19 -18 -24 -11 -22 16 -20 25 -9 3 19 1 2 -4 5 17 -15 2 -4 -6 -10
19 18 11 -18 -8 -7 1 25 21 -19 5 -22 8 20 -19 23 -1 -20 13 -23 -1 -11 -22 20 -7 21 4 21 16 23 10 -17 -11 -4 16 7 14 -9 -20 -16 22 11 -13 -22 -21 -7 1 3 24 -12 -21 22 -24 -17 16 -5 3 19 15 -7 16 -1 -24 -21 -6 17 11 8 7 -9 17 -23 -24 -22 -19 5 21 7 -18 -7 20 12 -11 -4 20 4 16 -3 -3 -21 -11 -13 -23 -10 17 -3 6 -24 4 -13 -8
-5 -10 18 23 21 -3 -8 2 -21 11 21 16 -1 -9 -16 -22 6 6 25 -16 -6 12 -13 -16 3 -17 15 4 12 -23 -4 6 -8 -12 -23 -13 -15 -6 -12 -11 4 8 4 -22 -1 13 6 4 18 5 14 -14 -9 0 -5 19 8 -15 23 19 12 -7 24 3 -20 -25 -11 -10 19 -24 -22 -2 -17 7 -25 7 19 6 11 11 10 -1 -3 -24 -2 -9 -6 -20 -25 -9 -2 12 -17 -4 14 -11 21 -23 -22 14 -22
-18 11 -13 -12 -15 -7 7 16 -22 17 1 -24 -12 -24 -1 5 -5 -22 -21 -14 -25 -9 -6 21 -21 -18 16 -18 -14 -21 -15 18 -11 22 5 0 15 -14 -10 18 -22 -10 -6 16 16 -8 20 -14 21 25 22 21 -10 15 17 -6 23 -19 -25 8 -15 11 25 0 7 4 25 -4 -10 14 14 18 -21 -18 8 -6 24 3 5 19 -24 -25 -11 16 16 -20 9 -13 -14 10 -6 22 -5 -7 -4 -24 -4 20 23 11 8
11 -23 -14 -8 11 6 15 13 10 9 -12 11 23 -22 -25 2 12 12 -13 -4 -20 -17 16 23 4 -8 18 -2 -11 -22 6 -1 -20 17 -10 16 22 -21 -23 7 13 -10 17 -16 -7 17 -15 -20 3 -2 -25 -18 6 -9 -21 10 8 -4 7 -4 -1 -13 -6 5 4 9 -5 0 13 -2 -19 -25 13 23 9 6 -12 20 -15 16 17 -15 -3 -3 1 -25 6 8 -3 -12 3 21 25 22 0 3 -21 -5 -22 -8 -8
9 -8 -21 -19 0 -16 -6 19 -6 10 10 -21 -19 -18 -21 -18 -13 13 -22 0 15 24 0 12 24 -23 -10 -7 5 7 10 -11 -2 -12 20 24 -2 -12 17 17 -3 -24 -5 4 -17 0 -15 20 -13 -12 -5 1 11 20 12 9 -4 -23 1 1 9 -15 -11 -18 24 -17 5 -4 21 -4 12 -7 22 -18 22 -21 -19 6 -1 -7 -7 19 19 3 -13 6 12 -18 -18 -13 8 16 23 22 -3 21 4 -24 16 0 23
-24 18 19 8 -12 -2 14 19 22 6 11 -11 25 -12 1 -21 25 -18 -14 12 16 1 9 -14 24 -22 16 -1 19 -10 21 20 -18 15 -23 -5 12 16 13 -18 -3 23 -4 -4 10 -4 0 10 3 -15 21 18 11 4 -21 9 7 20 -17 25 9 -22 -7 16 -8 -5 10 3 -14 22 10 -18 19 5 -23 3 -25 2 12 -22 12 7 21 -3 10 25 6 16 -7 -12 15 -24 16 -17 -9 8 3 0 -15 -12 -4
21 -5 14 25 -3 17 -25 -2 3 3 9 10 -2 -19 19 23 -14 10 -10 -1 -1 17 14 7 -18 -4 -15 -18 7 -2 3 -24 -7 17 -25 15 8 0 -12 10 -23 22 19 1 2 13 23 -13 -3 12 -15 21 3 25 3 -15 -5 -13 -8 1 -16 -6 2 2 -15 -23 17 -8 2 4 -23 -21 25 21 -21 2 8 -24 -12 -21 13 -1 -25 -9 23 -23 -25 17 -11 17 -7 23 -15 -6 0 21 -4 -9 -13 -2 20
-11 -24 19 10 -20 20 -8 -19 8 22 -7 6 -4 9 3 23 -17 -6 11 25 -14 8 -15 6 7 -20 1 -3 17 -2 16 -19 -1 -16 -10 4 3 -19 -16 -15 -23 3 16 23 11 18 20 20 -13 5 -7 23 13 3 3 -6 -18 4 17 25 1 7 5 0 16 20 -22 -6 -25 13 -22 3 15 -6 0 0 -14 20 19 -2 24 -13 -4 11 -11 -2 -20 -3 1 -4 21 -23 -23 25 2 -7 19 -21 -14 -7 -9
-11 -5 -20 8 21 6 -6 -11 24 17 -13 -15 12 24 0 10 3 -4 10 24 16 -14 0 15 13 18 -18 -8 3 25 8 -8 -5 -12 -1 15 -7 18 -22 -9 -16 -10 2 -5 13 1 4 -10 -4 -11 -12 11 0 14 0 13 -20 -19 -21 -17 -20 -14 0 0 24 24 -11 -9 -9 17 8 0 -18 9 20 20 9 -1 10 4 -13 23 -11 12 -15 -12 -1 16 -6 -23 24 24 14 -2 24 12 21 12 -22 -14 4
-15 11 11 -7 -20 -21 -24 -22 14 5 -10 -14 -7 1 21 6 -25 11 -1 2 9 -3 -10 6 20 2 2 7 -21 13 -15 -11 24 -5 7 3 24 -18 6 -13 -14 -5 -2 4 21 -7 -16 21 4 8 23 -13 4 12 19 -1 -12 20 5 17 7 15 -20 -21 9 -14 7 -19 18 -13 -7 -22 7 -10 7 -23 -17 -10 23 12 -3 -6 -2 1 -19 16 25 19 10 -22 11 17 -8 -10 21 -25 -24 3 -19 -7 -11
25 -3 -4 -11 3 -2 -3 -7 20 8 15 -11 -19 -10 20 -4 14 -13 -19 17 23 23 -17 13 -8 8 14 -6 -11 6 9 13 -23 4 -24 -20 -24 24 -2 -5 -20 -13 -17 11 -23 -23 -18 -10 -10 13 -18 12 10 15 -1 1 23 12 21 11 18 -22 -2 20 7 24 -1 8 -4 22 2 -24 9 11 12 -15 13 19 0 2 6 7 14 15 22 12 -9 -7 24 11 -22 16 14 -25 -16 -5 -2 9 2 -6 5
-22 -5 13 14 -19 23 -24 0 -2 -23 5 4 16 20 25 3 -15 -8 -25 -5 20 16 -17 -6 25 3 18 8 4 -14 13 -19 -20 25 -5 -14 23 -4 11 20 23 16 23 14 10 23 16 -6 14 16 14 -17 6 22 2 -21 24 19 13 -24 4 25 -18 9 24 2 -5 -5 -3 -20 -11 -5 -5 12 8 -21 -17 -2 -2 22 13 -14 4 18 7 -19 22 5 -1 -17 -20 3 -18 -12 -14 6 15 6 -25 -13 -14
15 7 6 1 14 -15 -17 -14 8 -21 -2 -6 -17 -10 -25 14 11 -20 -13 20 -15 15 1 -2 1 -19 13 6 7 -1 17 21 5 23 -4 -7 -18 -22 4 15 -18 1 8 15 16 9 3 1 -12 16 20 23 -21 -4 21 -21 -24 8 11 8 -19 2 3 11 24 -2 3 -20 1 6 -5 -17 -19 -23 23 22 -15 1 22 23 16 17 21 -6 -13 16 -1 13 23 -16 -4 3 -15 -2 13 -16 -4 -10 14 -4 21
8 4 -24 11 -24 23 -5 -24 -7 -7 17 -16 13 10 21 3 -17 9 25 17 4 2 2 -24 -11 -15 22 4 24 -7 -1 7 -4 25 17 -3 -4 11 -2 14 3 14 24 -10 24 -7 -8 6 -24 -9 -2 5 18 -1 -19 6 9 -23 9 7 -5 7 13 17 6 -22 13 -24 15 11 -10 17 -1 -12 -18 22 6 24 3 -18 -10 -25 12 7 -1 -8 13 7 -5 -4 -12 -11 -22 1 5 9 -22 -7 -15 -8 3
0 -16 -24 -13 16 24 -8 14 1 -1 3 -25 11 10 24 2 -3 5 -4 -8 -8 11 -5 -8 15 4 -4 7 -12 13 -16 13 -4 11 -1 -14 -17 -10 0 -17 -11 2 -17 25 -14 6 -25 -18 -15 -3 25 -24 7 -6 -6 -4 -3 -11 -22 10 1 12 22 -3 -3 20 -18 5 -15 7 13 -1 -16 -5 23 20 0 23 2 -16 -6 1 -14 -25 -6 -21 22 -9 18 25 -25 -7 -15 -3 -11 8 -9 -3 12 1 -22
25 25 12 19 22 -19 -6 -6 -18 3 13 -18 14 -12 1 -8 -16 17 -16 8 -8 -23 18 14 -9 25 4 13 12 -20 -9 -15 4 2 -22 -25 -18 -3 -6 -11 -25 6 -4 -12 19 -3 -20 -23 -12 -11 10 -21 16 3 18 -18 -24 -3 -6 -13 -24 -16 -3 -21 12 1 -21 -7 -3 23 8 22 4 -22 -15 -3 0 -10 0 -12 -22 9 -8 -6 11 10 -25 13 6 -6 25 -19 -22 22 -15 -11 22 -10 7 -7 -13
-11 -10 -10 18 25 13 17 14 12 4 -9 20 22 10 6 -20 10 18 -15 -21 17 -9 7 -13 1 21 -17 -10 2 2 -23 -9 -9 -8 -17 -10 4 -1 -22 15 -22 19 10 -1 4 15 -22 -12 7 -12 17 23 4 -2 -15 4 -7 -7 20 -5 -6 22 11 10 13 -7 25 17 -9 2 6 -6 -4 15 -8 25 4 -5 12 -15 8 4 8 11 -24 18 -10 20 10 -16 -11 -21 5 -1 14 17 -9 -12 8 7 -11
-11 1 -16 3 -8 -17 -18 13 -5 17 20 24 -1 6 25 16 21 -7 -25 -21 -19 -21 -17 5 -8 25 -5 5 8 2 -6 -4 -23 3 24 -6 -14 -20 6 6 -3 1 4 21 -19 -23 -14 1 -4 -14 5 2 15 13 7 -19 -14 1 -14 19 -23 5 -11 -21 -18 -12 24 -7 18 -22 24 -11 -22 -24 10 -16 -21 21 -16 25 6 14 -25 -5 -25 -19 -25 -13 8 -14 5 10 -10 20 -11 23 7 12 -10 -1 15
